0.750000  
0.775000  0.783333  
0.782794  0.785392  0.785529  
0.784747  0.785398  0.785399  0.785396  
0.785235  0.785398  0.785398  0.785398  0.785398  
0.785357  0.785398  0.785398  0.785398  0.785398  0.785398  
0.785388  0.785398  0.785398  0.785398  0.785398  0.785398  0.785398  
0.785396  0.785398  0.785398  0.785398  0.785398  0.785398  0.785398  0.785398  
0.785398  0.785398  0.785398  0.785398  0.785398  0.785398  0.785398  0.785398  0.785398  
0.785398  0.785399  0.785399  0.785399  0.785399  0.785399  0.785399  0.785399  0.785399  0.785399  
